NAME : 101_11	
COMMENT : 	Basado en la instancia de : Rochat and Taillard, 1995
TYPE :	CVRPB
DIMENSION : 	101
CAPACITY : 	800
VEHICLES :	11
DAYS : 7

NODE_COORD_SECTION		
1	0	0
2	-5	70
3	-17	69
4	-19	85
5	9	99
6	15	82
7	-21	102
8	-16	68
9	15	72
10	12	78
11	1	102
12	15	91
13	9	83
14	2	82
15	-7	76
16	-17	79
17	12	70
18	-18	99
19	-9	104
20	9	-24
21	23	-34
22	9	-44
23	12	-30
24	16	-36
25	40	-21
26	39	-15
27	42	-6
28	29	-43
29	20	-8
30	24	-38
31	47	-15
32	34	-28
33	41	-39
34	39	-30
35	23	-34
36	38	-8
37	20	-40
38	21	-9
39	46	-13
40	90	67
41	70	39
42	78	73
43	49	47
44	45	75
45	86	61
46	86	59
47	54	65
48	46	38
49	63	68
50	55	74
51	62	69
52	58	70
53	25	17
54	7	1
55	8	6
56	12	-2
57	14	-7
58	13	-1
59	8	12
60	25	13
61	11	3
62	15	-7
63	4	-6
64	18	-4
65	10	-1
66	16	-10
67	96	5
68	60	28
69	75	-19
70	107	5
71	70	-4
72	110	-2
73	90	3
74	80	-17
75	59	-21
76	83	14
77	-56	62
78	-39	71
79	-40	72
80	-41	77
81	-37	78
82	-31	70
83	-52	81
84	-50	81
85	-41	77
86	-35	85
87	-41	71
88	-57	72
89	-47	74
90	-56	70
91	-32	82
92	-50	69
93	-57	86
94	-33	79
95	-64	71
96	-58	56
97	-74	69
98	-65	57
99	1	56
100	12	41
101	24	53

NODE_DEMANDA_TIPO_7DIAS
1	0		0		0		0		0		0		0	
2	428	0	160	1	25	1	424	0	242	0	114	1	334	0
3	135	0	244	1	40	1	102	1	87	0	391	1	324	1
4	349	1	181	0	315	0	127	1	121	1	14	1	12	1
5	356	1	182	0	84	0	318	1	296	1	356	0	285	1
6	28	0	315	0	336	1	363	0	170	0	48	0	6	1
7	111	0	218	1	149	0	30	0	399	0	502	0	320	1
8	227	1	25	1	235	1	30	0	311	1	466	0	407	1
9	38	0	273	0	139	1	327	0	418	0	84	0	295	0
10	410	1	179	0	264	0	289	1	335	1	481	1	263	1
11	269	1	313	0	368	1	61	1	355	1	258	1	42	1
12	364	1	165	1	498	0	285	1	168	1	161	1	58	0
13	486	0	360	1	195	1	501	1	246	1	252	1	145	1
14	136	1	54	1	184	0	254	0	258	1	403	0	441	1
15	18	1	114	0	77	1	437	0	428	1	200	1	65	0
16	210	1	329	0	196	1	60	1	433	0	228	0	244	1
17	300	1	333	1	403	0	490	1	103	1	119	1	203	1
18	215	1	449	0	373	0	116	1	79	1	254	1	17	1
19	497	1	298	0	457	1	450	0	167	0	208	1	209	0
20	120	0	37	0	119	1	19	1	341	0	359	0	392	1
21	25	1	5	0	262	0	437	0	76	1	299	0	114	0
22	28	0	74	1	369	1	25	1	55	1	334	0	498	0
23	426	1	407	1	189	0	510	1	442	0	115	1	56	1
24	165	1	44	0	420	1	194	1	224	0	116	0	507	1
25	224	0	300	1	92	0	36	1	242	0	73	1	492	0
26	295	0	150	1	15	1	39	0	435	1	360	1	328	0
27	438	0	466	0	169	1	484	1	44	1	368	1	353	0
28	110	0	302	0	207	1	354	0	318	1	272	1	293	0
29	330	0	155	1	391	0	187	0	408	1	179	1	422	1
30	204	1	195	0	24	1	320	0	406	1	174	1	252	0
31	252	1	385	0	261	0	471	0	105	0	46	1	333	1
32	109	0	486	0	347	1	300	1	368	1	254	1	263	1
33	163	1	500	1	253	0	328	0	242	1	508	1	44	0
34	310	1	393	0	176	1	18	0	83	1	42	0	184	0
35	445	0	487	1	495	1	310	0	250	0	306	0	417	0
36	167	1	172	0	111	1	301	1	11	1	101	1	88	1
37	136	1	382	1	295	1	221	1	107	0	419	1	330	1
38	383	0	266	1	22	1	344	1	413	1	126	0	394	0
39	215	1	89	1	281	1	18	0	192	0	212	1	404	1
40	32	1	103	0	64	0	500	0	504	0	370	0	67	1
41	208	0	254	1	105	0	370	1	423	1	44	1	89	0
42	49	0	220	0	295	1	120	0	66	0	402	1	200	0
43	11	0	154	1	163	0	510	1	26	1	372	0	330	0
44	491	0	381	0	487	0	375	1	260	1	380	1	283	0
45	242	1	95	1	447	1	501	0	248	0	26	0	210	1
46	115	1	390	0	470	1	349	0	35	1	80	1	339	1
47	62	0	433	1	194	1	290	1	319	1	147	0	191	0
48	212	1	130	1	31	0	143	0	465	0	374	1	9	0
49	433	0	449	0	436	0	149	1	248	0	252	0	383	0
50	416	1	368	1	32	0	337	0	504	0	454	0	148	1
51	450	0	436	0	74	1	113	1	105	0	41	1	81	1
52	12	1	481	1	110	0	39	0	452	0	3	1	489	0
53	259	0	234	1	48	0	482	1	315	1	128	0	394	1
54	301	0	402	0	236	1	455	1	405	0	234	0	468	1
55	263	0	207	1	353	0	484	1	434	0	76	0	474	1
56	498	1	202	0	190	0	7	1	336	0	289	1	280	1
57	16	1	344	0	70	1	219	0	294	0	499	0	59	1
58	414	1	52	0	14	0	407	0	402	0	243	0	92	0
59	432	1	293	0	224	0	474	0	62	1	215	1	227	1
60	61	0	70	1	167	1	337	0	461	1	322	1	284	0
61	250	0	251	1	6	0	488	0	246	1	414	0	170	1
62	502	1	233	1	331	0	355	1	483	1	112	0	438	0
63	5	1	449	1	30	1	20	0	209	0	362	0	314	0
64	173	0	387	1	418	1	40	0	19	1	236	1	126	1
65	211	0	496	1	464	1	108	0	119	0	78	1	145	1
66	315	0	338	1	283	0	463	1	507	1	176	1	458	1
67	257	1	485	1	118	1	292	0	321	1	423	1	446	1
68	171	0	272	0	45	1	322	0	263	0	210	1	108	1
69	487	1	258	1	150	0	303	1	450	1	157	1	399	1
70	418	1	2	0	97	1	424	1	193	1	148	1	335	1
71	325	1	160	1	50	0	388	1	479	1	62	0	311	0
72	188	0	473	1	280	0	427	0	41	1	34	1	407	0
73	212	1	287	0	173	0	393	0	350	0	159	1	411	0
74	300	1	384	1	239	1	129	1	77	1	467	1	103	1
75	478	1	8	1	157	1	19	0	351	0	312	0	279	1
76	384	0	129	1	300	1	231	1	237	1	3	1	483	1
77	375	0	325	0	353	0	141	0	100	1	35	0	446	1
78	122	1	51	0	493	1	147	1	65	1	63	1	330	0
79	219	1	266	1	462	1	335	0	362	0	407	1	306	0
80	104	1	115	0	316	1	416	1	268	0	350	0	405	1
81	239	0	445	0	500	0	143	1	57	1	298	1	495	0
82	39	1	402	0	338	0	137	1	91	1	7	0	241	0
83	438	1	504	1	153	1	27	0	483	1	98	0	334	1
84	437	0	10	0	105	0	491	0	86	0	510	0	176	0
85	376	1	362	0	277	1	272	0	331	1	431	1	27	1
86	233	1	190	0	296	1	42	1	23	1	267	1	26	0
87	318	0	245	1	202	0	340	0	362	1	22	1	394	0
88	73	1	178	0	383	0	320	1	418	0	468	1	84	0
89	78	0	155	1	259	1	472	1	497	0	328	0	489	0
90	424	1	253	0	213	0	141	1	398	0	512	0	44	1
91	303	0	441	1	246	0	500	1	255	1	179	0	175	0
92	25	1	89	0	211	1	69	0	13	0	485	1	344	0
93	63	0	506	0	145	0	374	1	224	1	496	0	321	0
94	444	1	309	0	249	1	464	0	121	0	122	1	110	0
95	411	1	33	1	129	1	168	1	372	0	365	0	276	1
96	393	0	48	1	201	1	108	1	457	1	43	0	483	1
97	87	0	121	1	336	1	456	0	327	0	136	0	266	1
98	50	0	406	1	432	0	252	0	148	0	333	1	275	1
99	79	1	166	1	56	1	35	0	500	0	178	1	97	0
100	467	1	131	0	159	0	200	0	478	1	424	1	271	1
101	9	1	283	0	129	0	508	1	302	0	330	0	174	1

DEPOT_SECTION
1

EOF
